00440
00200
00004
01000
40008
00001
00100
00120
00900
00000
00120
20000
00010
00000
00C20
01001
0D000
10080
20800
00000
00080
00010
10000
01400
00040
0C000
00100
20000
00008
80040
00400
00100
00001
00000
00000
00012
00004
00000
00010
04000
00000
00002
10441
44000
40004
00002
10020
00020
04001
00008
82000
00400
00280
03000
00002
00001
00000
80000
00100
04480
00006
02000
00080
02030
00108
00005
80000
00200
00000
00000
10004
08044
04000
00020
00008
0A004
00001
00100
10000
00000
00050
00002
00400
00000
10000
00800
00020
01048
00000
84101
02000
00040
00000
00040
00040
0000A
00222
00001
00600
00020
40D00
00008
00040
00011
00003
00000
00800
00000
00800
00004
01008
00814
00042
00000
2C008
00040
00A80
00206
00021
20000
62002
00002
00100
00080
00000
10400
02100
00250
0000C
00040
00A52
01040
02012
20000
01024
84108
01040
80000
10402
00001
60000
20280
60000
00000
80018
00824
80000
00020
28000
00040
40280
40010
60004
00042
40080
20081
80084
20000
00092
00001
20000
0211C
00800
00828
20420
22080
00102
00008
40000
00114
81203
00008
00200
00400
00580
40A08
80038
40060
00004
00100
00001
20040
04020
0090C
08302
20400
004C0
00018
00201
24924
00300
00020
00A12
04210
00000
01400
00220
C0434
40094
02440
00618
01000
28000
00060
B0260
03080
08200
08C46
00282
10050
10714
14000
00880
00081
00809
20021
08940
00002
01041
22383
20C81
04081
08000
000C8
20041
81088
C0000
00841
00108
00080
00800
00404
00408
10040
000C0
00002
00E22
100A6
10480
41403
01043
48020
00298
00884
48918
00025
00010
00800
C0000
04020
10420
00280
02000
02220
84E83
000A0
23004
00202
23092
20004
80200
48124
12000
00808
83184
00002
810D0
0004C
00200
10408
06000
42801
00214
05004
00400
44422
008A0
002E1
00820
01021
00414
C8211
00040
08103
00110
40080
40199
01010
04088
00018
0C422
00090
6040E
00004
00001
08214
00405
04484
10080
0443A
80092
40298
0004A
08100
10200
000B0
0E107
4B024
01701
80316
80A10
00054
02242
01085
20410
80000
00630
01420
08081
00404
00414
60024
4010A
A00A0
20018
8041B
06058
22121
05814
10188
06060
40821
40400
02300
00220
10400
200A2
06083
80406
40000
01807
40850
0422E
00889
20142
00027
02826
02248
81020
02301
20283
00240
00188
02350
22620
20063
80042
00802
04020
10010
0082A
01484
30124
2206A
01816
14211
10130
00800
8D100
08842
40121
84041
00206
20800
18402
8300C
00C00
00033
05284
2420C
00242
C8004
01C90
C0001
00410
04430
85864
01442
08102
2810A
01A33
00200
40304
80A47
00451
66052
0020C
C2828
000A4
8400B
00204
0A010
006A4
00028
1010E
00048
08064
01021
C0242
80027
012C1
84086
01004
8182B
41180
01078
00055
C0884
00602
00A02
88040
2125C
00912
10200
00A41
00050
00824
10A00
88001
00808
62008
01012
40080
84884
02285
00108
60004
003C8
00291
40901
00300
8800D
21210
12810
44204
04000
10192
01000
02608
40010
53000
00080
01021
00300
20820
00050
00000
00002
83080
00884
85020
30801
80500
C0120
80008
00120
00011
04410
05008
98001
0A510
40000
00023
80002
009C1
01240
40490
004E1
43802
0084C
0000D
A1102
00008
20048
00002
00062
20710
00903
00002
01240
00406
08008
11010
100A0
80910
41385
02820
00006
02680
00100
58044
8042B
00086
4001A
00010
40A00
0C011
02001
08020
01300
80192
00010
89242
00020
40AB0
02004
01018
49005
00010
04040
2002D
00901
40000
20010
80850
00403
22280
00001
40015
40240
40003
00000
00020
04262
00880
48215
00100
00205
08009
800A0
00024
0084A
00210
40454
50A42
00400
C0008
02040
00060
000C0
00012
00A42
00440
42072
01000
01020
00012
00414
80240
00040
02100
01001
10014
00800
2C008
006BA
00288
00882
00000
00440
01401
00140
01104
00462
10010
00480
0084E
40002
01140
00081
24180
0003C
01120
04200
80041
10815
00301
002E0
00F82
00800
003A1
40200
00021
000E2
1082E
00201
410C4
01003
00488
0A48B
90002
00020
40020
40000
00014
08400
40000
301C8
91000
00010
40034
00087
000F3
00A48
40304
40000
00084
00140
10428
00000
00060
00804
01030
80081
00088
00006
810D1
00021
90080
08000
10800
01808
20040
02E00
00008
90050
00002
02448
00001
00044
0600A
00285
00108
02000
80030
40004
20002
00204
3001B
81285
00012
04060
24040
00004
20022
01005
A0076
09818
00028
0100F
04101
02500
50086
00040
82802
00002
00020
14002
01040
C4483
11400
00400
30000
18002
2000A
0401C
00204
40204
00801
401A7
C0033
00880
81000
01800
00820
80020
0000C
00412
00045
00082
80A22
00981
12629
08000
A0188
00880
010EB
1004D
40008
00741
20003
80388
002DB
20000
00119
A0200
20480
80300
4090B
0C801
10600
00780
C0460
00080
22840
A01CD
01E03
04566
80010
A1408
00065
01288
20004
01208
02155
01014
01008
80804
40422
00282
00005
00200
00000
09050
1002A
00A02
18802
80110
20304
00100
40018
00022
00000
90124
6D082
0830F
04500
00856
04008
20000
00E38
01014
11046
52157
800A8
42246
1A012
00200
80CE0
00813
22308
84470
00430
00640
00000
13220
90494
00408
0452E
00404
1000A
A8084
20002
0A401
60082
18200
02421
03104
00108
14354
00020
28200
00600
00282
02486
1549A
0002A
C0380
40839
C0001
40C60
02211
41510
60821
C0429
020B8
2A450
80808
00800
08000
004AB
00004
80085
A0356
00000
0030A
82000
20022
00400
20810
10820
10D50
65208
00010
00B10
01080
004C0
11681
14210
40261
00000
00000
05814
100B5
24C04
80200
00101
01681
44801
08140
42010
22400
A0D00
40032
80004
00026
008C0
00290
00025
78804
28200
489AD
20800
11000
11000
04282
03142
10932
40000
82420
22000
30008
8AA14
10008
80404
10010
00044
00200
05000
54530
12810
00221
10441
40020
00000
0016C
9100A
02200
01008
00004
05104
060E2
42878
08089
02808
01508
10010
20800
72008
22004
80454
30001
50048
22420
14048
00682
010C4
44122
20050
08049
09800
11890
04002
0046A
14010
04C09
020C1
41000
01602
0120A
80200
00000
04588
44001
91200
09A4D
00020
22010
03000
0016E
61810
64010
18D4C
50504
50244
10006
00180
D4000
00029
84483
00030
09212
02422
00089
E0840
00100
10401
10200
45414
30424
00084
00040
00100
00011
000B9
24010
000D0
02550
00001
04046
AA100
10000
11800
9252C
40201
00010
4010A
00842
8006A
08A84
9630E
80301
60C24
60670
41444
00082
20003
41130
20148
10000
08409
20021
E4082
4104C
08000
10080
00548
81C10
00481
01002
00840
20848
B000C
39400
00002
20021
04000
2080C
2010E
03810
09C03
20810
00240
40086
01C10
1A900
000C0
01800
01080
02489
00082
00000
111A0
80800
06808
0481E
00010
04001
50032
11000
01882
84AC0
00411
00000
00090
40022
0C880
00C02
29800
20600
00809
18080
10000
80030
80000
08008
20040
00088
00510
14A00
00000
80380
00040
0282A
21802
00004
50024
4108A
01003
04000
00040
80020
0014C
80400
00000
14000
20010
00000
02802
00426
01004
00002
01001
05020
20020
02202
4C180
00000
10002
02824
02188
02000
00200
4B000
28020
06832
80800
80006
1100B
800A5
08221
20980
09804
08041
00100
000D0
60001
40000
03000
20884
14004
00000
09082
40C40
00284
0040A
24129
00008
82818
00830
61018
1A001
28480
90014
00008
02001
00200
48501
84000
10800
12470
00009
00D00
0A080
B0810
02000
21049
00021
00001
00000
02002
00420
00220
02000
00000
00055
00822
00004
22002
00000
10027
00004
08A20
00008
00400
01080
00100
00420
10480
20600
00902
05039
00000
00020
00008
00002
80022
10000
001C0
08004
02000
00218
08428
00000
10000
4C001
48080
40002
000C0
2000A
01001
14010
00800
00010
40080
00201
00804
40000
01030
09098
00020
44102
00000
00090
08820
08008
00050
00000
00000
80190
40000
00284
24800
08822
20000
01401
00014
34001
90582
00020
00000
42142
01400
20024
00001
00410
44418
00000
00000
32021
02400
00008
00005
80102
00140
00100
00080
A4040
00000
00000
00000
02810
00002
00101
00000
0100C
05502
00018
00080
00001
01204
35080
A6000
0A810
00066
00104
05080
20380
00028
42048
00140
00200
A0000
02800
00009
60048
00084
02800
41160
0A000
00002
48000
4810E
00080
03800
00060
04080
08604
C0400
00082
20000
02221
C0281
00400
02000
88800
0A820
40044
06800
00000
00400
08482
20190
A5001
C50A4
0380C
80014
00441
1A801
04000
06223
00101
88058
00001
00000
14248
04200
00211
01208
10000
0C820
41000
40010
00020
00410
50800
005C1
18000
04000
00001
00404
008C8
08100
90040
04806
00180
02120
04800
2C002
80145
32001
C0000
41001
20802
00100
01802
00101
08045
08040
00014
00000
0A008
00088
0000A
C4008
00028
01028
00100
00050
04200
81341
2200C
10400
21000
00266
1C060
840A0
200A0
00400
00008
02000
50220
00514
02C00
20000
00434
02000
30200
80400
00200
1A800
02900
12102
00002
21004
00420
08419
43000
00400
04208
24820
20308
00010
28C00
7A801
00010
00000
00202
00020
21028
2A100
000A8
00228
04088
1C008
20000
06800
00780
00004
80895
00002
04890
0A840
20000
04090
00001
00000
81800
40000
00014
00C92
034B0
21415
8A200
80250
0F800
20400
60000
15004
10020
08900
05220
00500
04002
04002
44090
00010
0A010
80801
10000
40022
10104
0C890
08048
40020
E0200
801A0
28410
80300
02040
20201
90500
80040
00420
09140
80040
20000
00210
0000C
C0000
00000
02000
40021
50060
02400
00210
C0040
90101
80200
02408
05884
08002
00002
48002
00090
00480
04088
00101
00110
8C800
00880
10000
30000
8020C
82001
00104
04090
80010
00201
10001
08204
82020
40200
20402
09000
C000A
00800
00220
02A00
40000
01000
88100
00000
00002
00020
40801
02200
88101
1C000
0310A
81202
00000
20210
12000
00000
48200
00202
44000
20040
00031
08310
00409
13110
0103A
A4408
48000
00004
2007C
02174
24000
41401
20240
00300
01410
00030
00800
00000
81000
40220
80408
00008
00004
0A040
00001
00020
10000
10188
80800
00C00
00010
00084
00010
29190
80040
04000
00000
04000
104A0
00027
22080
30000
C0800
24002
0042A
20000
4244C
00808
00080
00001
00049
38020
C8208
00800
81000
00001
05000
10008
20000
80024
00001
0402C
42604
00104
02080
00102
82044
08001
04100
32082
80000
40010
41000
80702
01002
40102
00800
00980
80640
0000A
02008
00082
02000
0280A
0001C
60010
08100
12000
002C0
00018
00008
01A22
00041
00080
00040
82004
04000
00080
38A21
04040
00804
06000
49001
88104
00201
34000
C0001
00283
00006
26000
20808
C0242
13001
00401
00001
02000
28008
08008
21000
00006
10020
09002
01400
70810
02001
44010
C104A
40004
04000
10080
40080
01000
00000
08128
A4102
00045
42002
00615
80820
21800
40000
81403
00055
90001
40499
20000
00438
28482
00080
03400
20808
10300
12004
04414
48016
00051
04002
00088
04040
00104
48202
0800C
00000
88002
00486
24115
0084B
20902
4450E
0C520
40A04
2300C
04020
84082
10404
1004C
50810
00304
08012
01025
01C00
30410
4000B
00203
60508
0408B
92008
00010
40210
00000
24002
00208
80408
20802
60800
0581C
50941
01014
00C20
A2240
20404
20432
2060D
0040A
00B05
20190
20803
8A00C
92044
00260
40107
06040
00402
50044
060A0
A540E
04800
10002
00C06
42880
24408
00018
40EC5
00805
C2400
80046
41052
60E51
00005
48010
05492
10005
38630
080D2
20040
8044E
01001
02002
00000
538C1
00100
02400
92462
20100
20109
00100
02010
41081
40823
41410
85101
20A00
00208
020A1
08632
00082
21544
00802
02001
74085
41082
01307
10600
86901
20001
83101
80000
15801
00708
00800
00432
00014
40420
01600
02C12
1064B
04291
30242
01000
0445C
8A248
00201
04010
04008
30820
08300
002A0
00008
10400
00001
00048
2080A
48844
22190
18010
40812
88A02
40200
00025
00400
02040
01430
64800
45842
8C020
02581
E0D11
01C20
88B0D
000E0
02048
1040D
10300
00008
81000
41241
00793
42008
20006
05812
01402
82841
30058
40100
40010
08080
04C11
40141
00010
22110
04228
00866
22210
0000A
00887
1A200
B0868
00C49
185A2
30426
10000
80004
01108
00098
00808
07098
04000
040C2
00089
00090
48000
01210
23208
00000
20040
0148C
40224
08044
00114
00500
00019
50856
A0128
0100B
0000E
00220
0002A
C18C2
40019
00052
20020
00C84
004A0
802B8
10640
58422
02020
10820
90404
0026C
C0C39
40049
00091
0009A
0C12A
02801
40004
00200
0609C
20000
90004
00020
40680
80690
10340
005C0
68832
04000
E0001
00610
08C09
50203
10010
10002
20C90
20A00
20020
10100
40001
00128
41001
08212
02114
00207
00050
04140
10100
08550
24018
20001
00010
02091
00040
01800
088C0
40010
42001
10810
00800
0048B
10029
60121
00931
10031
18012
4C8B0
40890
00489
32801
00002
098D8
42000
41008
32002
42068
08000
00114
08046
0580A
82E02
00802
08022
1C420
0000A
85008
0040D
4E804
00000
48601
24203
0D640
04805
80418
00018
00010
00000
28102
01004
0AC13
10980
04A00
20A00
20412
00002
20210
10040
20804
004C4
00004
0040A
00210
00100
00008
600B0
6E089
10019
04000
01200
02464
00180
00044
0405B
20010
04080
08A05
2080D
02008
44064
10400
00019
10032
00140
00140
28011
00A00
04023
10000
00080
00051
00000
00000
604A0
08B43
10480
30104
4001C
00F01
80120
00183
40000
00008
00008
00300
82002
02000
20083
0004A
10109
00022
08505
01101
800A0
20092
00018
14828
00B85
0E200
02428
00050
88805
0045A
4000E
01011
22810
40004
24080
40800
40062
00818
01600
00014
00060
01AA1
08006
81420
08009
00000
80402
00200
00202
00C00
00002
104F0
23080
00000
03241
00200
31008
10420
09480
08430
80E00
00849
00041
80002
00D0A
01000
82021
00407
82800
008A0
1008A
00021
0040A
82001
00408
00015
00009
98080
40208
90013
88004
01200
20840
60009
0009A
00408
08118
80004
02820
20451
50008
01002
00000
00340
6000E
00C20
00882
00000
80211
4544B
E0400
44014
00012
80400
00104
04802
00088
00081
40001
00400
00804
00002
00040
08040
00808
00018
41A18
04508
20283
41A09
04000
00004
10800
45089
40004
00800
24250
00000
00801
00440
C8100
20082
20018
84400
00000
82010
2044C
01940
10418
20090
08000
00021
00002
00201
20C0C
00800
28000
10220
88030
00204
00000
20804
01451
50804
20080
20A13
80400
00000
00007
00020
10010
00840
44008
00008
80080
00104
034C0
00040
00002
02002
00008
00030
00001
80000
40110
A0020
11010
00000
01808
80024
C0003
1008B
0200C
2002C
08000
08082
00883
00808
00000
00031
01014
01240
00018
00118
41200
018E0
4002A
20093
00800
00809
00402
00000
00042
00481
18000
04042
40001
05068
00082
004C8
4A09C
01000
21004
008C2
00000
00050
B0082
0A004
00102
20000
000AA
02848
00800
30240
01001
0001A
81001
04010
28001
20008
90010
05000
00080
800E2
00000
00008
00008
0000C
02080
1013A
01004
80808
00121
40010
00204
00086
08548
00182
10008
00000
00904
04830
00000
00000
04815
02000
00810
00000
00050
10020
05008
00060
44000
00001
00008
03000
20020
10080
00440
10206
00000
18800
00204
80800
00200
00010
00205
08000
02002
00002
02000
00042
00000
0020C
00006
000C4
08040
00010
00001
00000
00408
00020
C0082
00000
01000
01800
10004
10020
02420
04009
00181
80145
00640
0500C
20014
40000
01654
01432
04288
00008
00422
40000
00090
00000
00000
04008
1A121
05800
02008
00010
00006
10308
00040
800C0
00013
80800
82090
00089
01000
00000
03208
00131
00002
80600
00034
08610
00442
00203
00100
06000
00B02
0002C
00004
00008
00202
40145
00001
00840
01000
00002
00000
00981
20808
10000
00000
00220
01840
01003
0030E
00000
40000
00A01
00C28
410C0
0000A
00189
42000
00121
20020
20200
01808
10400
00010
00002
02480
00000
00100
00000
05040
00000
05808
0000F
00001
00500
00020
804C6
02050
08001
01000
24050
00014
00880
01001
00062
00000
02400
80000
00004
41020
04004
00080
40000
22020
20010
88C80
00001
04000
80100
08000
00141
0A008
20100
000D0
008C0
00004
00000
02000
00000
00000
01200
01040
61000
08040
00410
00040
08048
00510
00002
00384
50000
08000
00008
00000
80800
00000
A0900
2C248
86008
83050
08000
0000A
01000
07084
00141
04040
01001
0100B
80000
00C01
80408
10000
00054
80000
00050
80200
00001
00000
09400
0000A
01005
0010A
00400
00210
00000
00002
80000
00081
000B0
00008
00135
00080
00000
04040
03004
06208
00920
11000
10004
04020
40284
00000
B0010
00100
00400
C0400
00000
00804
00002
80001
20000
00080
08002
00400
20004
00006
02000
02101
89002
01008
40008
90420
00000
00042
00402
00000
00000
05082
40860
00000
00806
00010
00080
00024
00160
01800
01180
18402
00000
00900
02108
01006
00042
01000
08000
1003C
00110
00026
00020
02003
00002
00000
10000
00004
12808
40008
00008
04802
84600
00000
18018
00805
80840
A0000
00040
00000
00010
00108
402A0
10000
01038
02110
14020
08000
40004
00121
04000
04000
04000
00404
00001
40028
10020
00000
00888
40808
21000
00580
00000
00000
02100
00000
80A80
02400
61000
00400
00088
00020
00020
0240A
00210
01001
B0100
80010
40100
01000
00050
00100
00040
04480
40008
00000
C0020
18002
00000
00200
81100
80081
00080
40010
00004
02000
68000
00002
04404
00000
00100
44041
01001
08009
20040
101A1
84081
00001
80002
01002
80200
06408
00000
C5140
08002
00083
00000
00201
04010
00004
00004
00000
14004
80010
04001
40681
24000
00000
00000
00800
80910
40040
0422A
00804
00000
00020
C0000
01124
00000
80400
00001
00200
00040
80000
00002
00000
00840
80001
84408
00014
82040
00200
C0010
000A1
00000
00110
20000
00419
00400
0000C
00080
41000
20010
88200
01100
01200
00010
30008
00000
40021
10890
04000
04010
02010
01894
003C0
00000
00410
00004
40000
00000
00000
40202
00000
0000A
20000
20001
0100A
00200
10000
10000
00140
08004
4C004
00020
40804
00E00
10218
00000
40004
B0000
00800
21501
00002
00910
40200
00484
02000
4A028
01400
10014
00001
00020
00030
00220
03002
25402
00000
00000
00090
04040
000A1
50020
00002
07200
02001
00000
00000
0002A
00001
00040
04200
00820
20600
2210C
00200
04830
02000
00028
80009
08000
00460
00018
80020
08000
40000
00000
00000
00009
00104
82100
84001
00000
00242
01000
00001
11420
01002
04002
00800
00A02
12000
08008
00000
00202
00803
00060
82401
0609A
00000
00081
00000
80020
00004
00008
00003
00002
00000
40004
00010
00000
10100
00400
00008
22802
00100
00003
00182
00000
01081
40042
02800
00041
00000
00000
01A01
00200
00020
00024
48420
08040
54400
00088
00008
80440
00000
0010C
00204
40300
00004
00803
01100
00000
004D0
00088
01005
80120
11000
0000C
00000
00200
28040
40402
00010
00004
00100
00000
00000
08822
00040
00210
02000
48408
08081
00000
00424
00012
44080
41009
0000C
00884
04080
00008
00010
80081
20000
02022
00040
08884
00002
00000
20485
10020
02008
00400
40100
21000
00020
00024
00001
01000
00080
02000
02000
00000
04004
12100
00018
00908
40420
00480
01420
40430
00820
00000
01088
00004
00011
84400
00000
08000
00000
01010
00800
04800
C0000
88080
00052
40810
00000
00003
20000
00000
00708
00080
00800
03000
00800
28002
00000
01002
04010
00020
00000
00084
00001
04100
90040
00008
04000
2000A
00404
12012
00004
00140
04000
00000
00400
10801
0200C
00412
00440
08042
00400
008A8
40080
00030
20A00
00040
40001
00800
000C1
01500
00221
05008
00808
00022
02022
08000
00000
00084
00001
000A0
00001
00001
00030
060A0
01220
014D0
74290
10002
20400
04001
02000
08000
02080
03010
12020
00009
00080
00000
24040
21000
41000
42004
06000
00000
80200
90040
400D0
00200
02002
20004
20002
02084
00000
48000
02010
00048
80002
00041
00800
20080
00000
00000
00001
41040
00080
00004
00408
000C8
10010
10080
00000
00000
00001
01001
50084
22010
21801
42004
0028D
40200
26040
10002
08080
10080
08004
00000
00000
00022
04190
01200
00C0C
00418
48610
0480A
08048
0011A
00008
02288
00224
00200
05000
00000
