00400
00202
00005
01000
40008
00001
00100
00020
00900
00002
00122
20004
00010
00000
00C20
01001
01000
10080
20800
00001
00081
00014
10001
01401
00040
08000
00000
20000
0000C
00000
00408
00100
00001
00000
00000
00012
00004
00000
00010
04000
00000
00002
10441
44000
4000C
00002
10020
00020
04001
0000C
02000
00400
00280
03000
00002
00001
00040
80000
00102
00480
10006
02002
000C0
02030
00B48
80405
80002
00200
00020
00880
12804
08044
04002
00024
0200A
0A004
00009
00102
10080
00020
00050
00102
00450
10100
18010
10820
0002B
01248
00004
8C101
02200
00042
00040
00140
00440
0000A
00222
00401
00601
00030
40D00
00008
00248
00011
00043
00400
10800
00000
00800
00004
0100A
00814
00642
00400
2C008
00140
00A80
00206
00061
20000
62802
00042
00100
10080
00000
10420
02102
44A50
0000C
00041
08A52
01040
02012
20040
01064
8414C
01040
80080
10412
10001
60000
21280
60000
00000
80018
00825
81000
00020
28000
00040
40280
42010
60004
20042
60080
22081
80084
20000
05092
40001
28400
0211E
0A820
00828
28420
22080
00102
08008
40100
00114
81A03
00008
00200
00602
00580
50A08
88038
40864
00004
00900
08801
24840
04020
0298C
08302
20400
005C0
00018
00301
24924
00300
20020
08A12
05A10
10000
01400
00A20
C2534
40094
02440
00618
01080
28000
00060
B0260
03080
08200
08C46
00682
10050
10714
14000
00880
41081
30809
21021
08940
00002
01141
22783
20C81
04181
28040
000C8
20041
81488
C0200
01841
00108
00080
02880
04404
00608
12040
000C0
00082
08E22
100A6
10480
51403
01443
4A0A0
10288
00884
58910
00025
00010
00800
D0000
14020
10520
00280
02000
02220
86E83
000A0
23004
00202
23092
20004
80200
48124
12000
10808
8B984
00002
810D0
1004C
00200
10408
06000
42800
00214
05004
00400
44422
188A0
102E1
08820
01021
00414
C8211
0C040
08102
00910
40480
401D9
01010
24088
10018
1C422
00090
7040E
00004
00000
08214
00405
04C84
30080
0443A
90092
00298
0004A
08100
10200
000B0
0E107
0B024
01701
80314
10A10
00054
02A42
01085
20400
80000
00610
01420
08081
00404
00410
20024
4010A
200A0
28008
0041A
06050
22120
05814
10188
06060
40821
00400
06300
00220
10400
200A2
06083
80406
40000
09803
00800
0422E
00889
20102
00026
02822
02248
81020
02300
20083
00240
08088
02150
22620
20063
00042
00802
04020
10000
0082A
01484
30124
2206A
11806
14211
10030
00800
8D000
18842
40101
04040
00206
20800
18402
8300C
00C00
00032
05284
2460C
00842
C8004
01C10
C0001
00410
04430
85864
01442
08102
0810A
01A33
00200
00304
80A47
00411
66050
0820C
82828
000A4
84002
00204
0A000
00EA4
00028
1010A
00008
08064
01021
C0042
80027
016C0
04086
01004
8182B
41180
01070
00055
40884
00602
00A02
0C040
21258
08912
10200
00841
00450
10824
10A00
88001
00800
62008
01012
00080
14804
02085
00100
60400
003C8
08291
11901
00300
8800D
29210
1A810
4C204
04000
10192
01000
02608
40010
5B000
10080
01021
00300
20820
00050
00000
09002
83080
08884
85020
30801
80400
C0120
80008
08020
00010
04410
05808
98001
0A410
40800
01023
80002
00941
01240
40490
104E1
43802
0084C
0200D
A1502
00808
20048
00002
00462
20610
00903
00002
01240
00406
0D008
11010
18020
88810
51285
0A820
00006
02680
04100
58044
8042B
00082
40012
00810
54A00
1C011
02001
08820
01200
81192
00010
89242
02020
40AB0
02004
01018
49005
00010
04040
2022D
00D01
40000
22010
82850
00403
22280
10201
00015
40240
01002
00000
00030
04262
00880
48215
00000
00201
08001
820A0
01024
0084A
20210
40454
18A42
18400
C0008
02440
00060
000C0
00012
00A42
00E40
02072
01000
01020
00012
00414
80240
04840
02500
01001
10014
06C00
2C008
006BA
00A88
18882
00000
00C40
03401
00140
09100
00462
10010
20480
0284E
40002
09140
20081
A4180
0003C
01120
04A00
80041
10815
00301
002E0
10F82
40800
023A1
48200
08021
000E2
9182C
00201
430C4
01803
00488
0AC8B
90002
00020
40020
41000
0101C
08400
46000
311C8
91000
00010
40034
01087
000F3
00A48
40304
40000
08094
40140
10428
20000
1C060
00804
09030
80081
0608C
01006
850D1
00829
93280
0C010
30800
01808
20040
02E00
90088
9CC50
02002
03D48
11001
00844
0E00A
00AA5
00108
02080
89030
42004
20002
00204
3001B
83285
02112
06060
24040
01004
33022
01004
A0076
B9818
00028
0100F
04901
02500
50086
01440
82802
09002
00020
14002
01040
CC483
13500
00400
32000
18402
2080A
0401C
00204
50214
00C01
401A7
D2033
01880
81000
01C00
8A820
82820
08108
00412
00045
000A2
82A22
00981
12629
08000
A0088
00880
090EB
1004D
40008
00741
A0003
80388
0025B
24000
00119
A0200
20480
82300
4090B
1C801
38600
00780
C0460
150A0
22840
B00CD
01E03
04566
80010
A1408
00065
01288
20004
01008
02055
09014
09008
80804
40022
00202
00005
08200
00000
1D050
1002A
08A02
19802
80110
20204
20100
40018
00022
02000
90124
6D082
0830F
04500
00856
06008
30000
00418
01014
11046
52157
800A8
42246
1A012
00200
80860
00813
22308
84070
20430
00640
00000
17220
90414
00408
0412E
00404
1000A
A8084
20002
0A401
60082
18000
02421
03104
04108
14314
00020
28200
00600
00282
02086
1549A
0002A
C0380
40839
C4001
40C60
02211
41110
70821
C0429
020B8
2A450
84808
00800
08000
0048B
00004
80085
A8356
00000
0030A
82000
20022
00400
20810
10820
10D50
65208
08010
00310
05080
000C0
11681
14210
42261
00000
00000
05814
18035
24C04
80210
02101
01681
44001
18140
42010
22400
A0D00
40032
82004
00026
008C0
00090
00025
78804
28200
489AD
20800
11000
11000
04282
07142
10932
44000
82420
22000
30008
8AA14
10008
80404
10010
00044
00200
05000
54130
12810
00221
10049
40020
00000
0016C
9400A
02200
01008
40004
04104
060E2
42868
88089
02808
01408
10010
20800
72008
32004
80454
30001
50048
22420
14048
00682
000C4
44122
20050
08049
09808
11010
04002
0046A
14010
04809
020C1
41000
09402
0120A
80000
00000
04588
44001
91200
0984D
00020
20010
02000
0006E
61010
64010
1894C
50104
50244
10006
00100
D4000
00029
84083
00030
09202
0A022
00089
E0800
00100
10401
10200
44414
30004
00004
00040
00100
00011
000B9
24010
000D0
02450
00001
04046
AA100
10000
10800
9252C
40201
00010
4010A
00842
8006A
08A84
9630E
80301
60824
60270
41444
00082
20003
41030
20148
10000
08409
20020
A4082
4104C
08000
10000
00548
81C10
00481
01002
00840
20848
B0004
39400
00002
20021
04000
2080C
2010E
02010
01C02
20810
00040
40086
01C10
1A900
000C0
01000
01080
02489
00082
00000
111A0
90800
06808
0481E
00010
04001
50032
11000
00882
84AC0
20410
00000
00090
40022
0C880
00C02
29800
20600
00809
18080
10000
80030
80000
08008
20040
00088
00510
14A00
00000
80380
00040
0282A
21802
00004
50024
4108A
01003
04000
08040
84020
0014C
A0400
00000
14000
20010
00000
02802
00426
05004
00002
01001
05030
20020
02202
4C180
00000
10002
02824
02188
02000
00200
4B000
28020
06832
80800
80006
1000B
800A5
08221
20900
08804
08041
00100
00050
60001
40000
03000
20885
14004
00010
19082
40C40
00284
0040A
24129
10008
8281A
00834
61018
1A001
28480
90015
00008
02001
80204
48501
84000
10000
12470
00009
00D00
0A080
F0810
02000
21049
00021
00001
00000
02002
00420
00220
02000
00000
00055
00822
00004
22002
10000
11027
04204
4CA20
0020C
0E400
01080
00100
28460
10480
22604
08903
05039
00000
00020
00008
00002
80022
10000
001C0
08004
02000
A0218
48428
00000
10102
4C001
48A80
40002
000C0
2000A
21801
94011
00800
10212
40880
00201
50804
40000
01030
0B498
04022
45302
84000
002B0
08820
08408
01054
00000
00000
8099C
40400
00384
64800
0C82A
20040
07481
00014
34021
94582
00060
00000
52142
01400
20024
00001
00410
44418
02000
00000
32021
02410
00808
00085
80102
00140
80100
00082
AC050
00000
00000
00080
02810
04802
00149
00090
0102C
05502
00018
00080
04001
01204
35080
A6000
0A850
00066
00104
05090
20390
00028
42048
00142
00200
A0000
02800
00009
60048
00084
02800
41160
1A000
00002
48000
4810E
02080
03800
00060
04080
08604
C0400
80082
20000
02231
C0283
00400
8A000
88800
0A820
42044
06800
00000
00400
08482
20190
A5001
C50A4
0380C
80014
00443
1A801
04000
06223
00101
88078
00001
00000
14249
0C200
00211
01208
10000
0C820
41000
40014
00120
00410
50820
005C1
18000
04000
00001
00404
008E8
08100
90042
04806
00180
02120
04810
2C002
90145
32001
40020
41001
20802
00104
02802
00121
08045
08040
00014
00000
0A008
00088
0000A
44108
00028
01028
00100
00050
04200
01341
2202C
10402
21000
00266
1C060
840A0
200A0
00400
04008
02000
50220
00514
02C00
20000
00434
02000
30200
80400
00200
1A800
02900
12102
00002
01004
04420
08419
43200
00400
0420A
24820
20308
00010
28E02
7A801
10012
00004
00202
00020
25028
2A100
000E8
0022A
04088
1C009
20002
06820
00784
00004
80895
00022
04890
0A840
20000
04090
00001
00002
01802
40000
20014
00C92
034B8
21415
8A202
80250
0F801
28402
60000
1500E
10020
08900
05220
00500
04042
04003
44092
08010
0A010
80801
10000
40022
10104
0C890
08048
48022
E9200
801A0
28410
80300
02040
20201
10504
80040
00420
09140
00044
20000
00210
0000C
C0000
00000
02000
40021
50062
06440
00211
C0140
18121
80200
02408
05884
28002
02002
48002
00090
00480
04088
00101
00110
8C800
00880
10000
30000
8020C
82005
00124
04090
80010
00201
10001
08206
86020
40200
20402
09000
C800A
00801
00220
02A00
40000
01000
88100
00000
02002
00020
40801
02200
88101
1C000
4310A
01202
00000
20210
12002
00010
48200
00202
44000
30040
00039
48310
00509
13112
0503A
A4408
48000
00004
2007C
42174
24000
41401
20240
00300
01412
00030
00802
00000
81000
40320
10418
00008
00004
0A040
00001
00021
10000
1218A
80800
00C00
00014
00084
00010
29190
80242
04010
00000
04000
104A0
10127
22080
30000
C0800
24002
0042A
20020
4244C
00808
00280
00009
00049
38020
C8208
00800
81001
00001
05000
10008
20000
80024
00001
0C02C
42604
00104
02086
00302
82044
08001
04100
32082
80000
40210
41002
80702
01002
40102
00800
00980
806C0
0000A
02008
00082
02000
0288A
0001C
60010
08100
12000
002C0
00018
00028
11A22
00041
00080
00040
82004
04000
00080
38A21
04040
00804
06000
49000
88104
00201
3C000
C0001
00282
00006
26100
20008
C0242
13001
00401
00001
06000
28008
08008
21000
02006
10020
09002
01400
70810
02001
44010
C104A
40004
04000
10080
40080
01000
00000
08120
A4102
00045
42000
00615
80820
21800
40000
81403
00055
90001
40090
20000
00438
28482
00080
03400
20800
10300
12004
04404
48006
00050
14002
00080
04040
00104
48202
08008
00000
88002
00486
24115
0084B
20902
4410A
0C520
40A04
0300C
04020
84082
00400
10044
50810
00304
08002
01024
01C00
10410
44003
00203
60508
04083
92000
00010
40210
00000
24002
00200
80408
20802
60800
0581C
50941
01014
00820
A2240
20404
20432
20408
0040A
00B05
20110
20803
8A00C
92044
00260
40107
06040
00402
50044
060A0
A540E
04800
10002
00406
02880
24408
00018
40EC4
00805
C2400
80046
41052
60E51
00005
08010
05492
10005
38230
080D2
20040
8004E
01001
02002
00000
538C1
00100
02400
92462
20100
20108
00100
02010
41081
42823
41430
05101
20A00
00008
02021
08432
00082
21544
00802
02001
74085
41082
01307
10600
86901
20001
83121
80000
15801
08708
00800
00432
00014
40420
03600
02C12
1064B
04291
30242
01000
0445C
8A248
00201
04010
04008
30820
08300
002A0
00008
10400
00001
0004A
2480A
08844
22190
18010
40812
8CA02
44200
00025
00400
02042
01430
64800
47842
8C020
025C1
E0D11
01C60
88B0D
000E0
02048
1040D
12300
08000
83000
41241
00792
42008
20006
05812
01402
82841
30058
40100
40010
08080
04C13
40140
00010
A2110
04228
00866
22210
0000A
00883
1A200
B086A
00C48
184A2
30426
10000
80004
01108
00098
00808
07098
04000
040C2
00888
00090
48000
01200
23208
00000
20060
0348C
44224
08044
00134
00500
00018
50856
A0128
0100B
0000E
00220
8002A
C18C2
40019
04052
20020
00C84
004A0
802F8
10640
D8422
020A0
10820
90464
0026C
C0C39
40849
01093
0009A
0C12A
02801
40004
00200
2609C
20004
9A004
00020
40680
80690
10340
005C0
68832
06000
E0001
00610
08C09
50203
10010
10002
20C90
21A00
20020
10100
40001
00128
41001
08212
02114
00207
00050
04140
10100
08550
24018
20001
00010
02091
04040
01A00
088C0
40010
42001
10890
04800
0048B
10029
60121
00931
10031
18012
4C8B0
40890
00489
33801
00002
098D8
42000
41008
32002
42068
08000
00114
080C6
0580A
82E02
04842
08022
1C420
0000A
85008
0048D
4E804
00020
48601
24603
0D660
24805
80418
00118
00010
00000
28102
41004
0AC13
12980
05A40
20E02
28412
00002
20210
12060
20804
004C4
02004
0040A
00210
00100
00108
E02A0
6E089
12019
04100
01200
02464
08180
00044
0405B
20010
44080
09A05
2080D
12088
44064
10400
00019
30032
00140
00160
29011
04B00
04023
15100
00080
00051
00000
00000
604A0
08B63
10480
34104
4001C
00F01
82120
00183
40000
0000A
00008
00300
82002
06802
30083
0014A
18109
04022
19505
01100
800A0
20092
00018
14828
00B85
0E204
62428
00050
88805
0045A
4401E
01011
22810
40004
24080
40800
40062
00818
01600
10814
00060
01AA1
08006
81620
08009
00000
80402
00200
10202
00C00
00002
324F0
23080
02000
03241
00200
39808
10420
09480
08C30
80E00
07849
12041
80102
10D0A
09000
82021
00487
82800
109A0
1408A
00021
00422
92001
00408
04035
00009
98080
40A08
90013
88004
01200
20840
70009
0009A
00408
08118
80004
02820
20C51
5A008
01002
00000
00340
6000E
00C20
20882
00000
80211
4564B
E0C04
44094
00012
80400
00514
04802
004C8
04091
41001
00420
02804
19002
002C0
08040
00918
05018
41A18
0C508
20283
41A09
04000
00004
11800
4508B
40104
01840
24350
00000
05C01
00440
C8100
20082
20018
84410
00000
A2030
2244C
01940
12418
20290
08030
00421
00082
08221
20C0C
00900
28020
10220
8A030
00304
01000
A0804
01451
50A04
24080
20A13
80400
02000
00007
00020
10030
00840
45008
00808
841A0
80104
034E0
00040
02012
06002
00008
02030
04001
90000
40510
A0160
11010
00000
01C88
8002C
C0003
100AB
0200C
200AE
08200
08082
40883
00808
2810C
02831
31014
01240
00018
00118
43200
218E0
4002A
30093
28800
00809
00402
00010
10142
00781
18040
04842
42201
05168
00092
004C8
4A89C
01000
21014
008C2
11180
90050
F1082
0A004
001C2
30000
004AA
02848
00880
38250
09011
4021A
83101
04010
28001
20108
90010
05000
01080
800E2
04000
04008
00008
0000C
02090
1013A
01004
80808
011A1
40012
08204
0C086
18548
08992
32008
00A20
08904
05930
00002
12000
15A35
12080
00810
04080
08850
10024
0D048
00060
44000
100A1
00048
03080
20020
10082
00560
10206
10000
18800
00204
80804
00200
00030
00205
08000
0A002
02102
02100
01146
00400
0830C
09046
018C4
08042
00030
00005
00100
00408
10220
C2082
02002
01000
01A00
10444
10020
02420
04089
00381
901ED
006C4
0500C
20014
40020
09654
81432
042A8
00028
004A2
44000
00090
00000
00080
0400A
1A321
05800
02008
00010
00886
10308
10040
801C0
10113
84800
820D0
06089
01200
24002
03328
00139
000A2
80E00
00034
08610
14442
08203
00100
06000
00B02
0002C
10004
00008
00622
40145
00085
00840
01000
02006
02010
00D81
20808
10000
00010
02228
01840
09003
0032E
00000
40000
00A01
00C28
418C1
0002A
00189
42000
00121
2002E
21200
01808
10400
08010
00022
02482
00000
02100
08410
05041
02020
05808
0180F
00001
00500
00060
804C6
02150
08001
01010
24050
14016
208A0
01001
00062
04000
02420
80000
00494
61020
04024
02090
48040
22020
22012
8AD90
00001
04020
80100
08000
00143
0A008
20100
000D2
048C0
00104
02000
02000
00004
00000
11200
01062
61000
08040
00C10
00040
0A048
10D10
00002
00384
10004
08000
00008
00022
00802
00024
20B00
2C248
8604A
038D2
08020
0000A
01002
07086
00141
04040
01001
0100B
80000
00C01
80408
10002
00854
00000
00052
01A00
00001
00010
09401
0000A
01007
0010A
00420
00210
00000
00082
80000
01081
000B0
00008
00135
04080
00000
04060
03004
06208
00921
11020
10004
04020
40A84
00020
30030
01100
00420
C0400
20000
00934
00002
80001
20000
00182
0800A
00400
2000C
02006
02000
02101
89002
01008
40008
90420
00000
00042
0040A
00002
00840
05082
40860
10000
00806
02098
00080
00024
00160
01900
01180
18402
00102
00900
02108
01106
00042
01040
08004
1013C
00110
00226
00020
02003
00002
00040
10100
00004
12808
00008
0040A
04802
94600
01000
18018
00825
00840
20000
00040
00000
00010
00108
402A0
10000
01178
02110
14020
08304
40004
00121
00000
04000
04000
00404
00000
40028
10020
00000
00888
40808
21000
00580
00000
00000
02100
00400
80A80
02400
61000
00402
00088
00020
00020
0240A
00210
01001
B0100
80010
00100
01000
02050
00100
00040
04480
00208
00000
00030
18002
00010
00200
81100
80081
00080
40414
00804
02000
68000
00012
04404
00000
00120
44041
01001
08009
20040
101A1
84081
08001
00802
01002
80200
06408
00000
C5140
08002
00083
00000
00201
04010
00046
00004
00000
14004
00010
04001
40681
04100
00000
00000
00800
00910
40140
0422A
00804
00020
00020
40000
01124
00000
80420
00141
00300
00040
00000
00902
01000
00840
00001
00408
00016
02240
00200
80010
000A1
00000
00110
20000
00419
00400
0000C
000A0
01000
28010
08200
01500
01200
00030
30048
00000
00021
10890
04802
04112
02010
01894
003C0
00000
00410
00204
40020
00000
00000
40202
00000
0000A
2000C
00001
0100A
00200
10800
10000
00140
08004
4C004
00020
40804
00E00
10218
00000
00004
30001
00800
01D01
00012
00D10
40200
00484
00800
0A028
01400
00014
00001
00020
00030
00220
03002
21402
00000
00400
00092
04040
000A1
50020
00002
07200
02001
00000
00000
0002A
00001
00044
00200
00820
20600
2210C
00200
04830
02000
00028
80009
01084
00460
00018
80020
00000
40100
00000
00000
00009
00104
02100
80041
00000
00242
01000
00001
11422
01002
04002
00800
00A02
02000
08008
00000
00602
00803
00060
02401
0609A
00000
00081
00000
00020
00004
00008
00003
00002
00000
40004
00010
00000
10100
00400
0000C
02802
00100
00003
00182
00000
01081
00042
00800
00041
00000
00000
01A01
00200
00020
00024
08420
08040
10400
0008C
00008
00440
00000
0010C
00A04
40300
00004
00803
01100
00200
00CF0
00088
01005
00120
01002
0004C
00040
00204
28040
00422
00010
00004
00100
00000
00000
08822
00040
00230
00000
48408
080C1
00040
00424
00016
00084
01009
0000C
00884
04080
0000A
00010
80081
00000
02226
00040
08884
00002
00000
00485
10020
02008
00400
40300
01000
00020
00024
00001
01000
00080
00040
02008
00000
04004
12100
00018
00908
00420
00484
01520
40430
00820
00000
0108A
00004
00031
80400
00000
00000
00000
01010
00800
04800
40000
80080
00052
00812
00000
00003
20004
00001
0070A
00080
00808
01000
00800
20002
00000
01002
04011
00020
00000
00084
00001
04100
90040
00008
00000
2000A
00404
12013
00004
00140
04000
00000
00400
00905
0000C
00412
00440
08042
00000
000A8
40080
00030
00A00
00040
00001
00800
000C1
01500
00221
0000C
00808
00022
02022
08000
00000
00084
00004
00020
00000
00000
00030
060A2
01220
014D0
54290
10002
20400
04000
00000
00000
02080
03010
12020
00009
00080
00000
24060
01000
01000
42004
06000
00000
80200
90040
401D0
00200
00002
20004
20002
00084
00000
40002
00010
00048
80002
00041
00800
20080
00000
00000
00001
01042
00080
00004
00108
000C8
10010
10080
00008
00000
00001
01001
10084
22010
01801
02004
0028D
00200
20000
10002
08000
10080
08004
00000
80000
00022
04190
01200
0000C
00418
08600
0480A
08048
0011A
00008
00288
00224
00000
01000
00000
