00470
01202
50005
21140
40408
00201
01108
00120
00910
00402
00366
20004
00010
00004
04C28
01801
0F000
14084
25E00
00001
00281
16614
54201
11401
20040
0C020
00100
30044
0000E
807C0
1241D
04103
08415
11030
04004
0001A
00246
04400
01411
04010
41202
00002
90455
44000
C010D
00007
10420
20060
24001
0800C
82001
46400
00280
03080
00002
10201
09040
80000
00112
04490
10006
02002
430C0
0A030
00B48
C0405
C000A
00200
00022
00881
12807
0C04C
04022
00024
0200A
0A004
08009
00102
18082
63021
00055
00112
04450
10100
18010
14C20
0402B
01248
00014
EC501
06300
10043
00040
001C4
00450
0020A
80222
00481
00601
62031
42D00
10008
00248
00111
00043
48404
10C80
04000
00880
04006
0100A
40814
00642
80400
2C018
08140
04A80
28206
00061
22000
62802
00043
08100
500A0
00008
10430
02102
44A50
0000C
04041
08A52
01040
02012
60044
01064
8414C
81040
8008E
10413
10001
60080
2128A
64000
00000
8401C
00825
81008
00020
28801
04442
40280
42410
60405
20042
60084
22081
80084
20000
07092
40001
38404
0211E
0A820
00829
28622
22090
01102
08088
40100
00114
81A03
00008
08204
00612
00581
50A08
88039
44865
00004
00B00
88835
24856
06021
1298C
0830A
20400
005C8
10038
00301
24D24
00300
20030
08A12
15A18
10008
01408
20A20
C2534
40094
8244C
00618
05082
28200
0006A
B0272
43088
08200
08C46
00682
10050
10716
14200
04880
41081
3080D
29021
08940
80002
41751
E2783
A0C85
04181
28044
000C8
20051
81488
C0A00
01845
00118
00880
02881
04404
08608
12040
400C2
00083
08E36
100F6
10488
51403
0144B
4A0A0
18298
01884
58919
060A5
00010
00800
D0022
14022
14520
04280
03404
02220
86E9B
000A0
23004
10A02
231D2
20004
80A00
48124
12000
10C09
8B984
40002
810D0
1004C
00202
10409
06009
42801
01236
05006
00440
44426
1C8A0
102E1
08820
01021
00414
CF211
0D040
A8103
00919
D0480
401D9
01010
24088
90218
1C422
00090
7046E
00404
02001
08214
00415
04C86
30880
8443A
90092
40298
0004A
09110
10290
001B0
0E107
4F024
21715
88316
90A10
02054
02A42
01085
20410
80000
10630
01421
08085
0040C
00414
60024
4810A
A00A0
28018
8041B
0605B
22121
05815
10188
06060
40821
42400
06300
00A22
10400
248A2
06083
82406
40000
09807
488D0
0422E
00889
20142
09067
02826
022C8
81420
02301
22083
00240
08188
0A350
22620
22063
82042
00882
04020
12011
0482A
01486
30124
2206A
15816
14211
10171
04800
8D100
18842
40121
85041
00206
20800
18402
8300C
00C00
00033
0D284
2460C
00842
C8004
01C90
C0001
00410
04430
85864
01442
08102
2890A
01A33
05600
40304
80A47
00451
66052
0820C
C2828
090A4
8400B
00204
0A090
00EA4
0002A
1010E
00048
08064
09021
C0242
80027
016C1
84486
01044
8182B
43180
0107A
00055
C4884
10606
00A12
8C060
2165E
08912
12200
04A43
00450
10824
10A00
88001
00808
E2008
01012
40480
94884
02285
00108
60484
02BC8
08291
51901
00302
8800D
29214
1A810
4C204
04000
11192
01000
02608
50810
5B000
10080
01021
00300
20820
00050
00000
0D002
83080
08884
85020
30801
80500
C0120
80008
08120
00091
06410
05808
98001
0A510
40800
03027
80002
029C1
01240
40490
104E1
43802
0084C
0200D
A1502
00808
2204A
00002
00462
20790
00903
01222
012C0
00406
0D008
91010
182A0
88910
51385
0B820
04006
02680
04100
58044
8042B
00086
4001A
80810
54A20
1C013
02001
0C820
01300
811B2
00010
89242
02020
40AB0
02004
0501A
49005
00010
04064
2022D
00D01
40000
22010
8A858
00403
22280
10201
4001D
40240
41023
01000
00030
07262
02884
48215
00102
04205
0A009
860A0
01024
0084A
20210
40454
58A42
19400
C1008
03440
00060
000E0
00012
00A42
00E40
42072
01000
01020
08012
00414
80240
05840
02501
01001
10015
06C00
2C02A
006BA
04A8C
18982
00010
00C40
03441
00140
09504
00463
10010
20480
0284E
40002
09140
20081
25180
0003C
03120
04A00
80043
10815
00341
002E0
10F82
42800
033A1
48300
08021
000E2
9182E
01201
430C6
01807
04488
0AC8B
90002
00020
40220
41000
0101C
08400
46000
311C8
91008
00010
40034
01087
000F3
00A48
40304
40100
08094
00140
10428
20000
1C060
00804
01030
80081
0608C
01006
850D1
00829
93280
0C010
30800
01808
20040
02E00
00008
9CC10
02002
03C48
01001
00044
0E00A
00A85
00108
02000
89030
42004
20002
00204
3001B
83285
00112
06060
24000
00004
23022
01005
A0076
29818
00028
0100F
04101
02500
50006
01040
82802
08002
00020
14002
01000
C4403
13400
00402
32000
18002
2000A
0401D
00204
40204
00801
40123
D2033
01880
81000
01800
0A800
82820
00000
00412
00045
00082
80A22
00981
12029
08000
A0088
00880
010CB
10045
40008
00741
20003
00380
0024B
24000
00101
A0200
20480
80000
4080B
0C801
18600
00780
80460
00080
22840
B004D
01803
04066
80010
A1408
00065
01288
20004
01008
02055
01014
09000
80800
40022
00202
00005
00200
00000
09050
1002A
08A02
18802
80110
20204
00100
40018
00022
00000
90124
4D080
08307
04100
00054
06008
20000
00408
01014
11046
52157
800A8
42042
1A002
00200
80860
00813
22300
84070
00410
00600
00000
17220
90404
00408
0412E
00004
10002
A8080
20002
0A401
60080
18000
02421
03104
04000
14310
00000
28200
00600
00282
02086
1548A
0002A
C0380
40819
C4001
40C60
02211
41010
60821
C0401
02020
0A450
84808
00800
08000
0048B
00004
80005
A0356
00000
0010A
82000
20020
00400
20810
10820
10D50
65200
00010
00310
01080
00080
11681
14210
42241
00000
00000
05814
10021
24C04
80200
02101
01281
44001
08100
42000
22400
A0D00
40022
82004
00026
008C0
00080
00001
58804
28200
489AD
20800
11000
11000
04282
03142
00932
40000
82420
22000
30008
8AA10
10009
80404
10010
00045
00200
05000
54100
12810
00221
10041
40000
00000
0012C
9100A
02200
0100A
00000
05104
060E2
42868
0808B
02808
01509
10010
00800
72008
22004
80454
10001
50048
22420
14048
00682
010C4
44122
20050
08049
09808
11092
04002
0046A
14010
04809
020C1
41000
01602
0120A
80000
00000
04588
44001
91200
09A4D
00020
22010
03000
0016E
61010
04010
1894C
50504
10244
10006
00189
94000
00029
84483
00030
09202
0242A
00089
E0840
00100
10401
10200
45414
30424
00084
00040
00100
00011
000B9
24010
000D0
02550
00003
04046
AA100
10000
11800
9252C
40201
00010
4010A
00842
8006A
08A84
9630E
80301
60C24
606F0
41444
00082
20007
41130
20148
00000
08409
20921
A4082
4104C
08000
10080
00558
81C50
00481
01002
00840
20848
B000C
39400
00092
20021
04000
2082C
2010E
03810
01C03
20850
00240
40186
01C10
1A900
000C0
01800
01080
02489
00082
08000
111E0
90804
06C08
0481F
00010
04081
50032
11000
01882
84AC0
00411
10800
00094
40022
0C8A0
00C02
2B800
20640
00809
18081
10000
80030
88019
08008
20040
00088
00510
14A00
00000
80380
100D1
03A2A
21802
00484
50024
C108A
01803
0400A
080C0
84020
1015C
A8404
00000
14000
20018
08080
02E02
00426
05024
00002
01001
05030
210A0
02202
4C184
00080
10002
0A824
42398
02008
00200
4B400
29820
0E932
80802
80006
1300B
800A5
08331
20990
09B84
08841
00100
000D0
60001
48401
03000
28885
54004
00012
19082
40C40
00286
4140A
2592D
10008
82C1A
00A34
61018
1A023
28494
90015
00018
02001
80204
4A501
84000
10800
12570
00009
90D00
8A280
F0A10
02002
21049
08021
80005
00001
02002
00420
002E0
03204
00010
00255
00822
02004
22112
10800
11027
05204
4CA20
0020C
0E400
01080
00904
08460
10480
22634
0890B
05039
00044
00020
00008
00106
80422
10002
001C0
08004
02000
8021C
4842C
00120
1018A
4C101
48A80
40002
000C0
2000A
01801
94011
00880
10212
40880
00211
50844
40000
01130
0B498
04022
4530A
84002
002B0
08820
08408
0305C
00000
00100
8099C
40400
00B9C
64840
0C8AA
20048
07481
00034
34021
95586
00060
00400
52142
01600
2003C
00001
04430
44418
02000
00000
32021
02410
00808
00885
80102
00950
80140
00082
AC878
00419
04512
04080
02810
04802
00149
00090
0902C
05502
00018
0008A
05011
01204
35880
A6440
1A850
00466
00104
05090
21398
00028
42048
00142
03620
A0008
02B00
00809
60068
00884
06C80
41168
1A001
00006
49040
4919E
02080
07802
00061
041C0
08604
C0420
84092
20000
022B1
C9A83
00400
8A018
88800
0AA20
42046
06841
00A08
00400
08482
20192
A5011
C50A6
0380C
80014
01543
1A801
06800
06223
00103
88078
02801
00000
14249
0C200
00331
01208
12000
0C828
41000
40014
001A0
00430
50828
005C3
18000
04000
00401
00404
008E8
08100
90442
04817
00180
02126
04830
2D002
90145
32001
C0430
41081
20842
00104
03882
201A7
0A245
09040
00054
20080
0A008
00088
0007A
C4108
01828
0102C
01100
00050
04204
81343
2203C
12402
21000
00266
1C060
840B0
260A2
01C00
04008
02100
50220
00514
02D00
20000
0043C
02001
38268
86400
00291
1A800
02900
52982
00042
2100C
04420
08519
43200
00401
04A0A
248A0
20B2A
09010
28E02
7E801
1001A
00004
00202
04060
25128
2A940
100E8
0022B
04888
1C00B
20002
068A2
007B5
00024
80895
00022
04890
0A842
20000
04090
00005
00002
81802
41000
20014
04C92
034B9
25495
8A222
80250
0F801
28502
64082
1500E
10020
08908
05221
04500
05062
04003
44092
08014
0A010
80803
10804
40023
10D04
0C890
08048
48023
E9248
821A0
28C50
90300
03040
20285
90504
800D0
00421
09141
80074
20801
00211
0002C
C0010
00000
02000
401A1
50062
06451
00211
C0140
98129
80A20
02418
05984
28102
02642
4800A
00092
00480
04288
00101
00110
8C800
00880
10400
30800
8020C
82045
041A4
04098
83030
04205
10003
18206
86020
40200
20402
09220
C805A
01801
00330
02A22
50000
01800
89100
00004
02002
00020
40801
02600
88101
1C400
4310E
8120B
00000
20230
1200A
0C090
4B200
00202
44040
30040
08239
48314
0850D
13112
0503A
A4418
48000
00004
2007C
42174
24000
41401
20744
10300
0165A
00032
00802
00010
81100
40320
B0418
0000A
20004
0A041
00001
00021
30A00
1218B
80880
00C00
00014
00084
00010
29190
80A46
04050
20840
04020
104E0
10127
23091
30008
E0A00
24042
00C6A
20020
4AE4E
00E08
02280
00009
0084D
38120
C8208
00900
81001
01001
05006
10108
20000
8006E
00003
0C02C
43606
00114
02086
00702
C2064
08201
04100
32082
80400
40210
6100A
80722
010C2
41102
00848
00982
806C9
1040A
1244D
09086
02005
0288A
0023F
60010
08500
12000
002C0
02118
0006C
11A22
00041
040D2
01040
82014
04000
00080
38A29
04041
00A05
06100
49029
88B94
00201
3C044
C0001
0228B
00056
27100
20808
C0242
13421
00421
00003
26020
28009
09208
21A02
02026
10020
09002
21440
70830
02405
44113
C104F
40284
04092
128A0
46288
03000
00400
08128
A4102
20445
52022
00615
80820
29800
40000
81407
80055
90001
40499
20000
02478
28682
00080
03400
20808
10318
1200C
24414
48036
00051
14002
00088
260C0
00114
48202
0800C
02000
88002
00486
24115
0084B
20902
4412E
0C520
40A04
0300C
060A0
84082
10404
1004C
50810
00304
08012
01025
01C00
10530
4400B
00203
60508
0408B
92008
00090
40210
00000
24102
00208
80408
00802
20800
0581C
50941
01014
00820
A2240
20405
20432
2060D
0040A
00B05
00190
20803
8A00C
92045
00260
42107
06040
00402
50044
060A0
A540E
04800
10002
00406
02880
04608
00018
40EC5
00805
C2400
80046
01052
60E51
00005
08012
05492
10005
38230
080D2
20040
8004E
01001
02002
00100
538C1
00100
02400
9246A
00100
00109
00100
02110
41081
42823
41430
05101
20A00
00008
020A1
08432
00082
21504
00802
02001
64085
41082
01307
10600
86901
20001
03103
80000
14001
00708
00800
00432
00014
40420
02200
02C12
1064B
04291
10242
01000
0445C
0A248
00201
04013
04008
30020
08100
00280
00008
10400
00001
0000B
0000A
08844
22190
18010
00812
80A02
40200
00005
00400
02042
01434
44800
05802
8C020
02581
E0901
01C21
0030D
000E0
0204C
1000D
10100
00000
01000
01041
00793
42008
20006
05812
00402
82801
20048
40100
40010
08080
04C13
40101
00010
22110
04228
00866
02210
0000A
00887
0A200
9006A
0084B
18482
30426
10000
00004
01008
00098
00008
06098
04000
040C2
00009
00090
48000
00200
03208
00000
20000
0108C
00224
08044
00014
00500
00019
40016
A0128
0100B
0000E
00220
0000A
81082
00019
00052
00020
00C84
00420
802A8
10240
D8022
02020
10820
80004
0026C
C0819
40041
00093
00092
0412A
02801
40004
00200
0609C
20000
90004
00020
40280
80480
10100
00580
60832
04000
E0001
00210
08409
40203
00000
10002
20C80
20A00
00000
10100
40001
00128
41001
00012
02114
00207
00050
04100
10100
08540
24018
00001
00010
02011
00040
01800
088C0
00010
42001
10810
00800
0048B
00029
60121
00911
10031
18012
4C8B0
40890
00089
32801
00002
098D8
42000
41000
32002
42068
08000
00114
08006
0580A
82E02
04802
08022
1C400
00002
85008
0040D
4E804
00000
48601
24003
0D640
04805
80418
00008
00010
00001
28102
41004
0AC13
12980
05A00
20A02
20412
00002
20010
12040
20804
000C4
00004
0040A
00010
00100
00008
E00A0
6E089
12019
04000
01200
02464
00180
00044
0405B
20010
44080
09A05
2080D
12088
44064
10400
00019
30032
00144
00142
29011
04B00
04023
14100
00080
00051
00000
00000
604A0
08B63
10480
34104
4001C
00F01
82120
00183
40002
0000E
00008
00302
82002
06A02
30083
0014A
18109
04022
19505
01101
800A0
20092
00018
1492A
00B85
0EA04
42428
00050
88905
0045A
4401E
01011
22818
40004
24080
44800
40062
00818
01600
10814
00060
01AA1
08006
81620
08009
00001
80402
00220
10202
00C00
00002
324F0
23080
02002
03241
00200
39808
10420
09480
08C30
80F00
0784B
12041
80106
14D0E
09000
82021
00487
82800
109A0
1448A
00221
0042A
92219
00428
0403D
00009
98099
40A08
90013
88004
01208
20840
70009
0009A
00508
08118
80005
02820
20C51
5A008
01006
00400
00740
E000E
00C20
20882
00010
80211
4564B
E0C04
44094
00012
80400
00515
04806
004C8
04099
61001
00620
02C04
19022
002C0
08040
00D1C
05118
41A18
0C508
A0283
C1E09
04010
00006
11800
4508B
40104
01840
24351
00000
05C01
00464
C812C
A0882
20018
84418
00001
A2130
2244C
01940
12418
20298
08078
00425
00092
08221
20C0C
10900
280A0
10620
8A030
00304
01008
E4804
01451
50A04
24080
20A13
80500
02000
04017
00020
10030
00844
C5008
00808
84DA1
82104
034E0
00060
02012
06002
00008
02030
04401
90080
48510
A4160
11018
00040
01C88
8002C
C0007
110AB
0200D
204AE
0820C
08082
4288B
0080A
2810C
02C31
31014
01250
00118
0011A
43200
218E0
4002A
30293
A8800
00809
00402
00014
10142
00781
98040
048C2
42211
05168
00092
024CA
4AA9C
01102
21014
008C2
11180
90074
F1092
0A004
009C6
30000
004BA
42A48
80880
38250
09011
4021B
83101
04010
28001
20108
90010
85040
01690
800E2
04000
04208
00008
0000C
02092
1153A
81044
80808
011A1
40112
08204
0C086
1A548
08993
32208
00A20
08905
05D31
0000A
12010
15A35
12080
00810
04192
08850
10424
0D04C
00060
44082
100A1
00048
03490
20028
10082
00768
14206
10088
18810
0020C
C0804
00200
98231
0420D
08000
0A03E
02116
02100
0514E
04400
0830D
09046
01AC4
08046
00031
0000D
00100
00409
142A1
C2182
02002
01004
01A18
10444
18022
0A420
040A9
00391
901ED
016C4
0504E
20014
40020
096D4
81532
042A8
00028
004A2
4C001
00090
00011
00080
0600B
1A321
05810
02008
00051
00886
1030C
10051
843D0
12113
84804
820D0
0E0C9
01200
04002
0332C
80139
000AE
81E14
80034
08710
14442
08213
00144
06008
00B22
0002C
10004
00108
00622
40155
000C5
00840
01000
82206
02154
00F81
A080C
10000
00050
03228
01840
09203
003AE
00020
40002
00A21
00C68
418C1
0003A
0838B
53000
00121
2013E
21200
01A0A
10408
08012
00323
82482
00009
02100
08610
05041
02120
05888
01C0F
04001
02504
0A260
806D6
02150
0A211
01014
24058
14057
208E0
09001
00062
04098
02420
88100
0249C
41060
0402C
02098
08140
26468
A2012
8ADB1
00021
06020
80118
08A04
009D3
0A009
201C0
000D6
048C0
00114
06088
0A210
80004
00000
11210
09162
61080
88940
00C10
00042
0A048
10D17
0000A
00384
10006
08000
00208
01023
80802
00024
A0B00
2C248
8614A
838D2
08020
0000A
01002
07086
00149
04060
01105
0100F
80000
01C81
8040C
1000A
00856
80200
00052
81A00
00081
89552
09401
8002A
01007
0010A
00421
00218
000B8
10082
80210
01081
000BA
00009
00135
04090
00008
04064
03007
06308
00925
11020
10004
04120
40A84
000A0
B0030
01100
00420
C0410
A0000
10B74
00002
80089
20004
00382
0800A
00400
2000C
02007
02204
02101
99402
41008
40008
904A0
00004
82042
0041A
00002
00840
0508A
40868
10200
00807
02098
40088
00124
08168
01910
21184
98442
00106
00900
02108
01106
00042
01068
08004
1013C
00150
00626
00030
02003
00103
04044
10110
00004
1282A
40008
0040A
04802
94600
01008
18018
10825
80942
A0200
00040
00002
84019
0414D
402A4
18000
0117C
02110
14020
08314
C0004
00121
04000
04000
04000
88404
00009
40028
10020
00000
0088A
40808
21400
00580
11000
00000
02700
00400
80A82
02400
610A8
00402
00088
02020
00361
0240A
00210
01001
B0101
80010
40100
01000
26050
80100
02040
04490
40208
00000
C0031
18002
00090
00200
81301
840A1
00080
40454
00804
02000
68100
00012
04404
06000
00120
44041
01009
08009
20041
101A1
84081
08021
80806
01002
80200
8E408
00000
C5140
08002
00083
02000
00241
04051
00046
00804
00000
1C006
82010
04001
40681
24100
00408
00000
00800
82911
40140
0422A
80905
00126
00020
C0004
01124
00001
80520
40141
00300
00040
88100
08906
09000
00A50
80081
84428
20016
82240
01200
C0410
800A1
0100A
00970
20000
10419
00400
0000C
002E0
41000
28010
88200
01502
01200
00030
32248
40040
40021
10890
1C802
0431A
02032
418B4
303C0
00000
80414
00204
40826
00000
0A100
40206
20000
0200A
2210D
A0101
0100B
01602
10828
10000
08141
08805
4C084
000A0
40C04
00E00
14218
00200
42014
B0401
10800
21D01
06092
01DD0
C1A00
00484
06C00
4A028
03420
10094
00001
10020
00030
00220
0308A
25402
00089
00C00
00093
04048
881A1
50025
00282
07202
22001
00010
00008
0082A
00001
00044
04300
00920
28680
2214C
002C0
04830
02008
00038
C000B
09C87
00561
10018
80420
08000
42100
40000
00409
00409
00104
82144
941C1
00200
10242
0118C
00005
11422
05102
04002
28822
00A86
36084
0808A
02040
00683
41803
018E0
82501
0609A
00400
0A081
00040
80226
2640C
0028C
0000B
20013
08110
40005
00010
00001
101CD
00404
4000C
22802
80108
00687
1098A
01000
112C1
44056
02A08
90041
00001
00000
01E03
02200
00A28
19024
48427
080C2
54400
0008C
00008
90FC0
12010
0019C
10A04
50310
20014
00813
09100
00600
00CF0
0008A
2329D
C4120
15202
0004C
04044
10214
38040
40523
00211
0400C
02100
00110
00000
08822
24061
22232
0A201
48408
0A0E1
14050
40424
00076
44084
51009
0000C
0098D
04180
0002A
00110
8208B
20800
03227
10042
88C84
08002
02000
20485
10020
22A19
54400
60700
25004
00420
01025
0208B
01208
000A0
02041
27008
18000
04004
13100
00018
00988
404A1
1059C
01DB4
41432
30820
0001C
0148A
11814
00031
85600
04000
08400
40018
01014
C1808
16800
CA081
8A0A0
00152
48812
00230
00207
20105
14001
0270A
000C5
82808
03010
10800
28002
00280
01003
05851
00020
02204
06286
00001
8E110
90048
00008
14008
2084A
0650C
12013
0300C
08152
04011
00080
08400
12905
0200C
00412
00455
09042
42400
018AA
40080
00030
22A80
00041
4000D
00804
000D3
03512
2A2A1
0504C
28808
00222
02032
0C012
00001
000A4
00005
000A0
04001
00101
00038
065E2
41225
015D0
74294
1080A
A4401
04001
22202
08000
12090
03010
12020
82409
000A0
04002
25062
21000
41008
42014
06000
02082
80200
90041
425F0
04200
02002
22004
A0412
02084
00840
48006
02110
80448
80002
02141
00808
20080
04002
12804
00001
41042
00080
00004
00508
000CA
10115
14080
04008
00000
03085
01005
50084
22010
21805
42054
0028D
4820C
26040
10002
080A4
10080
08004
10400
80020
14022
041B2
01200
02C0C
00418
49691
04A0A
88048
2011A
0100A
02288
00224
80241
05002
00208
