00200
40400
A0000
00080
10002
80000
00800
04000
00900
40000
44800
20004
08000
00000
04300
80080
00080
01008
00104
80000
81000
28000
80008
80280
02000
00010
00000
00004
30000
00000
10200
00800
80000
00000
00000
48000
20000
00000
08000
00020
00000
40000
82208
00022
30002
40000
04008
04000
80020
30000
00040
00200
01400
000C0
40000
80000
02000
00001
40800
01200
60008
40040
03000
0C040
12D00
A0201
40001
00400
04000
01100
20148
22010
40020
24000
50040
20050
90000
40800
01008
04000
0A000
40800
0A200
00808
08018
04108
D4000
12480
20000
80831
00440
42000
02000
02800
02200
50000
44400
80200
80600
0C000
00B02
10000
12400
88000
C2000
00200
00108
00000
00100
20000
50080
28100
42600
00200
10034
02800
01500
60400
86000
00004
40146
42000
00800
01008
00000
04208
40840
0A522
30000
82000
4A510
02080
48040
02004
26080
32821
02080
01001
48208
80008
00006
01484
00006
00000
18001
A4100
00081
04000
00014
02000
01402
08042
20006
42004
01006
81044
21001
00004
490A0
80002
00214
78840
04150
14100
04214
01044
40800
10010
00802
28800
C0581
10000
00400
40600
01A00
1050A
1C011
26102
20000
00900
80110
02124
04020
31940
40C10
00204
03A00
18000
80C00
24924
00C00
04004
48510
085A0
00008
00280
04500
2CA43
29002
02240
18600
01080
00014
06000
0640D
010C0
00410
62310
41600
0A008
28E08
00028
01100
81082
9010C
84084
02910
40000
82880
C1E44
81304
81820
02014
13000
82004
11281
00403
82180
10800
01000
01140
20220
10600
02048
03000
41000
44710
65008
01208
C028A
C2280
05052
11408
21100
0891A
A4000
08000
00100
0000B
04028
04A08
01400
00040
04440
C1761
05000
200C4
40400
490C4
20004
00401
24812
00048
10108
219D1
40000
0B081
32008
00400
10208
00060
00142
28400
200A0
00200
44222
05118
87408
04110
84080
28200
88413
02030
40810
08900
01202
9B802
08080
11024
18008
44238
09000
7020E
20000
00000
28410
A0200
21320
0100C
5C220
49009
19400
52000
00810
00408
0D000
E0870
240D0
80E80
28C01
08508
2A000
42540
A1080
00204
00001
08600
04280
81010
20200
08200
24004
50802
05004
10014
58200
0A060
04844
281A0
11808
06060
84102
00200
00C60
04400
00208
45004
C1060
60201
00002
C0190
00100
74420
91100
40804
64000
44140
12440
04081
00C40
C1004
02400
11010
0A840
04644
C6004
42000
40100
04020
00008
54100
21280
2480C
56044
60188
88428
0C008
00100
000B1
42118
80802
02020
60400
00104
40218
300C1
00300
4C000
214A0
30624
42100
20013
08380
80003
08200
0C220
261A1
42280
40810
50810
CC580
00400
20C00
E2501
88200
0A066
30410
14141
25000
40021
20400
00050
25700
14000
50808
10000
26010
84080
42003
E4001
03680
61020
20080
D4181
01882
0E080
AA000
21102
40600
40500
02030
1A484
48910
00408
82100
0A200
24108
00508
80011
00100
10046
48080
01000
20128
A1040
00800
00206
13C00
89410
80988
00C00
B0011
08494
08158
20432
00020
49808
00080
10640
08002
000DA
01008
84080
00C00
04104
0A000
00000
40090
010C1
21110
040A1
8010C
00201
04803
10001
04010
08000
08220
101A0
80019
08250
00102
C4080
40001
82900
02480
09202
87208
401C2
32100
B0040
40A85
10100
12004
40000
46200
08604
C0900
40000
02480
60200
100B0
08088
04018
08111
A148A
04150
60000
01640
00820
2201A
D4201
41000
48002
08100
0052A
88038
80040
04110
00480
49881
08000
42491
04040
0D502
20040
18080
A0092
08000
02020
B4404
80B00
00002
08044
0A141
C0200
01444
80408
A8000
02402
40080
00000
0C000
46420
01100
A8412
00000
80400
80010
05041
24080
52100
08404
2A202
42518
00218
10003
02240
06000
03000
48000
42500
02700
4E040
00080
04080
48000
28200
02401
02120
00A40
80080
28008
00360
10034
5D600
11500
41118
00000
02300
802C0
02800
00890
46200
08008
01204
72140
40002
02890
81004
01825
3C000
04880
00520
82001
A8108
80C00
07400
41F08
00102
85C40
00412
84010
47000
34189
80400
230C2
C0180
11200
D1350
40009
04000
04002
00082
38080
00210
00062
1388C
00089
08000
2C002
E1080
CF000
12500
20C02
00002
29010
02802
14208
00004
06038
20100
0C090
81001
31060
60080
8B0A1
94100
014C9
08030
0010C
10180
02004
00740
11009
0A339
40040
12BC0
80088
22100
50070
A5500
10800
01040
0C091
20042
40004
20400
D800C
A14C1
48840
06060
02024
20080
440CC
20080
6E005
1819D
14000
F0080
80920
00A40
6100A
02280
40141
40090
04000
40028
02080
C1233
00AC8
00200
0004C
40218
50104
38020
20400
2840A
80300
E5802
CC04B
01180
00081
00380
04151
04141
10810
48200
A2000
45000
44541
81900
94648
00010
11005
01100
D7090
B2008
10002
82E00
C0005
11C01
DA400
00024
98800
00405
01204
00C41
D0902
80138
0061C
01E00
06203
050A8
02144
B300D
C0780
66A20
08001
10285
A6000
11480
20004
10080
AA040
28090
10090
20101
44002
40400
A0000
00410
00000
0A0B8
54008
40510
40198
08801
20404
00804
18002
44000
00040
24809
410B6
F0C10
00A20
6A100
10060
0000C
18200
28080
62088
EA84A
15001
62442
48058
00400
06101
C8100
10C44
0E021
0C204
02600
00000
044E8
28209
10200
74820
20200
50008
21015
40004
80250
41006
00018
84240
208C0
10820
28C28
04000
00414
00600
41400
61040
592A8
54000
01C03
9C102
80023
06302
88440
08882
8410E
94203
1D040
0A254
10121
00100
00010
D1200
20000
A1001
6AC15
00000
50C00
00041
44004
00200
08104
04108
0AB08
104A6
08010
08C00
010A0
03000
81688
08428
86442
00000
00000
281A0
AC018
20324
08401
80840
81680
80022
02818
08042
00244
00B05
4C002
20041
64000
03100
09000
A4000
2011E
00414
B5912
00104
00088
00088
41420
428E0
4C908
00022
04241
00044
1000C
28551
10008
20201
08008
22000
00400
000A0
0C82A
08148
84400
92008
04002
00000
36800
50029
00440
10080
20002
20820
47060
16142
91011
10140
10280
08008
00104
1004E
2004C
2A201
8000C
1200A
04244
12028
41600
23000
44822
0A004
92010
10190
08088
40020
56200
08028
90120
83040
00082
40290
50480
00001
00000
11A20
80022
00489
B2190
04000
08004
00040
76000
08086
08026
32918
2080A
2240A
60008
00800
0002B
94000
C1021
0C000
40490
44050
91000
00107
00800
80208
00408
28222
2000C
20000
02000
00800
88000
9D000
08024
0B000
0A240
80000
62020
00855
00008
00108
34A49
80402
08000
50802
42100
56001
21510
70C69
80C01
24106
0E406
22282
41000
C0004
0C082
12804
00008
90210
04004
41025
32082
00010
00008
12A00
08381
81200
40080
02100
12104
2000D
0029C
40000
84004
00020
30104
70804
08040
40380
08104
02000
61002
08380
00958
03000
00080
01080
91240
41000
00000
05888
00109
10160
78120
08000
80020
4C00A
00088
41100
03521
08204
00000
09000
44002
01130
40300
00194
00604
90100
01018
00008
0C001
00001
10010
02004
11000
08A00
00528
00000
01C01
02000
54140
40184
20000
2400A
51082
C0080
00020
02010
04021
32800
00205
00000
00028
08004
00000
40140
64200
200A0
40000
80080
0C0A0
04004
40440
01832
00000
40008
24140
11840
00040
00400
000D2
04014
4C160
00101
60001
D0008
A5001
84410
00904
20110
82010
00800
0A000
80006
00002
000C0
A1104
20028
08000
41098
02302
21400
50200
94824
10008
58141
2C100
18086
80058
01214
A8009
10000
80040
20401
80A12
00021
00008
0E248
90000
00B00
01050
0810F
00040
92084
84000
80000
00000
40040
04200
04400
00040
00000
AA000
44100
20000
40044
00008
E4088
20420
04532
30400
00270
01080
00800
06214
01208
20644
C0910
9C0A0
00000
04000
10000
40000
44001
00008
03800
20010
00040
18405
14212
00000
40808
80032
01512
40002
03000
50004
80184
88029
00100
48408
01102
80400
2010A
00002
0C080
192D0
44020
40CA2
00021
0D400
04110
10210
2A080
00000
00000
39901
00202
21C00
00126
54130
02004
812E0
28000
8402C
41A29
06000
00000
4284A
00280
24004
80000
08200
18222
00040
00000
8404C
08240
10100
A1000
40801
02800
00801
41000
0A035
00000
00000
01000
08140
40120
92800
09000
34080
40AA0
18000
01000
80020
20480
010AC
00065
0A150
66000
20800
090A0
09C04
14000
12042
42800
00400
00005
00140
90000
12006
21000
00140
06882
00058
40000
00012
70812
01040
001C0
06000
01020
20610
00203
41001
00004
8C440
C1403
00200
00051
00111
04150
22042
00160
00000
00200
41210
09804
800A5
250A3
301C0
28001
C2200
80158
00020
C4460
80800
1E011
80000
00000
92428
00430
88400
10480
00008
04130
00082
28002
04800
08200
0410A
83A00
00018
00020
80000
20200
17100
00810
42009
60120
01800
04840
08120
40034
A2809
8004C
04002
80082
40104
20800
40140
84800
A2010
02010
28000
00000
10050
11000
50000
10822
14000
14080
00800
0A000
00420
82C80
34044
40208
00084
66400
06038
05021
05004
00200
10020
00040
0440A
28A00
00340
00004
2C200
00040
0040C
00201
00400
00158
00940
40848
40000
20080
04220
98210
004C2
00200
50420
04124
10C04
08000
40714
8015E
48008
20000
40400
04000
140A4
00854
17000
54400
11020
90038
40004
04160
21E00
20000
A9101
44000
09120
02150
00004
09020
80000
40000
40180
00002
28004
49300
1D2C0
A8284
40451
0A401
801F0
40214
00006
700A8
04008
00910
044A0
00A00
42020
C0020
49022
08010
08050
80101
00008
44002
20808
09130
12010
44012
00497
05801
08214
00C01
02040
80404
20A08
02001
04200
02890
22000
00004
08400
30000
00003
00000
00040
84002
4600A
02260
88400
02803
84818
00401
10240
211A0
40014
40040
40012
09000
01200
11020
80800
08800
00131
01100
00008
0000C
30401
A0041
24800
09020
08001
80400
80008
60410
04061
00402
40204
00090
50013
80100
04400
00540
00002
00080
00811
00000
40040
04000
80102
00440
80811
00038
508C2
40480
00000
08404
40048
08000
00412
40400
00022
0200C
9C000
08C12
90A00
488C8
5C0A0
10225
00012
20000
3E004
2E842
00024
80282
02404
00C00
48280
0C000
40100
00000
00081
04C02
18208
10000
20000
02050
80000
84000
00008
51848
00101
00300
28000
21000
08000
09894
42401
08020
00000
00020
05208
E4808
01044
0000C
00103
40024
54200
04004
32242
10100
01400
90000
92000
0401C
10413
00100
80081
80000
000A0
10008
00004
24001
80000
34030
20642
20800
61040
40C00
22041
80010
00820
4104C
00001
08402
40082
40E01
40080
40802
00100
01900
03601
50000
10040
41000
00040
51140
38000
08006
00810
00048
03400
18000
14000
44588
82000
01000
02000
20041
00020
01000
8451C
02020
20100
00060
00092
20811
80400
0003C
80003
41400
60000
00864
10004
42403
800C8
80200
80000
00060
10014
10010
00084
60040
04008
40090
00280
0810E
80040
08022
52083
20002
00020
01008
01002
00080
00000
04810
40825
A2000
00042
A8600
04101
00184
00002
C0281
AA000
80009
09002
00004
1C200
41214
01000
002C0
00104
00C08
20048
20220
60012
0A000
40028
01000
02020
20800
40412
10010
00000
40011
61200
A8824
D2100
40904
50822
04A30
20502
300C0
04020
41021
00200
22008
0810A
20C00
40010
24080
00380
08208
C0022
C0400
10A06
C1020
00049
08000
08402
00000
40024
00400
10201
40104
00106
381A0
8290A
28080
04100
02445
20204
4C204
10204
50200
A0D00
08804
C0104
30051
22049
06400
E0802
02060
40200
2200A
05060
702A5
00120
40008
60200
01140
10224
18000
23702
A0100
00243
62001
4A082
8A706
A0000
08010
492A0
A0008
0C41C
4B010
02004
72001
80080
40040
00000
831CA
00800
00240
46249
00804
10804
00800
08040
81082
C4142
0C282
808A0
00504
10000
84040
4C210
41000
22A84
40100
80040
A102E
41082
E0C80
00608
80961
80004
848C1
00001
801A8
10E10
00100
4C200
28000
04202
006C0
48340
D2608
89420
4240C
00080
3A220
12451
80400
08020
10020
0410C
00C10
05400
10000
00208
80000
52000
50124
22110
09844
08018
48102
40531
00422
A4000
00200
42040
0C280
00126
421E2
04031
83A40
88B07
06380
B0D11
07000
12040
B0208
00C48
00010
000C1
82482
49E00
10042
60004
481A0
40280
82141
1A00C
00802
08002
01010
C8320
02802
08000
08845
14420
66100
08444
50000
C1100
00458
5610D
12300
45218
6420C
00008
20001
10880
19000
10100
190E0
00020
43020
11100
09000
00012
00480
104C4
00000
06004
312C0
24422
22010
2C800
00A00
18000
6A10A
14805
D0080
70000
04400
54001
43183
98002
4A020
04004
21300
05200
1F401
02608
4421B
05040
04108
26209
36400
9C303
92102
C9080
59000
54830
80140
20002
00400
39064
20004
20059
04000
01602
09601
02C08
03A00
4C116
00060
80007
08600
90310
C040A
08008
40008
09304
00584
04004
00808
80002
14800
80082
48410
28840
E0400
0A000
02820
00808
0AA10
18024
80004
08000
89040
02020
00580
03110
08002
80042
09108
00120
D1200
94008
84806
8C900
8C008
48018
0D132
09102
91200
801CC
40000
1B190
00042
10082
4004C
16042
00010
28800
63010
501A0
40741
42120
44010
04238
50000
100A1
B1200
20172
04000
80612
C0624
066B0
A0124
18201
18800
08000
00000
40814
20082
C8350
01948
025A0
40704
48214
40000
08404
06048
20104
23200
20040
50200
08400
00800
10800
05407
91076
98048
00820
00480
26240
01810
22000
DA020
08004
01022
A0590
B0104
11048
26022
00208
98000
4C00C
02800
06800
88094
00D20
C4020
008A8
01000
8A000
00000
00000
05206
C6D10
01208
2082C
38002
80F00
04841
C1800
00002
50000
10000
00C00
40041
40160
C100C
52800
90818
44020
A0A98
00880
05001
49004
18000
14128
A1D00
20470
14246
0A000
A0111
5A200
78022
88080
08144
20002
01024
00102
46002
18100
00680
28108
06000
85580
60010
04681
90010
00000
40201
00400
40408
00300
40000
0F24C
010C4
00040
824C0
00400
1019C
04208
01290
0C310
00701
921E0
82048
40801
50B08
00090
84041
E1200
00141
05908
51028
84000
44200
80049
10200
AC020
90000
01019
10502
C8009
20011
00480
02104
9000E
59000
10200
18810
20001
04140
8A304
1005A
40080
00000
02C00
70006
04300
41104
00000
88401
D26A2
20307
29022
48000
00201
28A00
40120
13200
89020
80082
04200
20140
40098
03400
02010
18900
180A0
18582
10A30
C1404
90582
00020
20000
00188
D10A2
20802
02180
0AC24
00000
803A0
02200
00813
41004
18004
08221
00000
0C045
32244
02980
18248
09404
0C010
84200
41000
84410
30304
00900
04014
04408
0C051
20C00
00080
20105
8A280
2050A
01024
C8504
00201
00040
E0000
04000
0C008
02100
100A2
10100
05821
20801
072C0
02000
48040
40060
10000
0C040
80020
00009
08A02
06805
08088
00000
11380
34001
C0003
D5008
30040
75004
00410
41010
C1102
10100
30814
8C140
2808C
02480
18000
18800
004C2
07184
54002
C900C
00114
90100
40200
08000
42808
81E00
02018
42120
80442
168A0
49000
13200
39152
00080
28084
43100
01888
0A009
4108F
20050
43800
0000C
55200
12140
01100
0A41C
88090
58402
808C1
08020
80014
10804
08009
000A0
01080
47001
00020
10020
10000
30000
09040
5C808
20080
10101
85880
48002
20410
61030
12A18
49910
1004C
04500
20910
0C9A0
40000
00048
AC5A8
01048
08100
01020
0A110
24008
120B0
06000
00022
85008
12000
010C0
04004
41008
06A00
60408
00008
00118
20400
20101
00400
0C000
A0400
00010
40050
40840
00840
62880
00200
30C10
62090
23180
42010
0C000
A0000
00800
10200
04408
41043
40040
00080
00580
22208
04008
04240
91020
81C00
B7809
23600
300A0
28004
04002
2A690
4C281
15420
14000
45200
00022
09000
00000
01000
50020
84C58
001A0
10040
08000
61100
10C08
02008
03801
C8808
00121
0B041
91060
00480
40024
14CC0
9C800
45000
00701
2C000
08610
42228
C0410
00800
00060
40D00
34000
20008
10000
44600
A2802
A1000
02100
00080
60040
08040
81B00
10104
00008
08000
14440
02180
C0090
74C00
00000
00002
80500
14300
83182
54000
91800
00042
84800
74004
00484
10180
00208
08010
44000
41240
00000
00840
08210
820A0
04040
101A0
F0180
80000
00A00
06000
63201
0A840
80010
08080
0A024
68028
05104
80080
46000
00020
04240
00001
29200
04086
24020
09040
02012
04044
48044
09B51
80000
04020
00801
00010
C2800
10050
00804
4B000
03120
20800
00040
00040
20000
00000
00488
46080
00086
02010
08300
02000
12050
08B08
40000
21C00
20008
00010
10000
44000
40100
24000
00D04
12434
52061
4B1C0
04010
50000
40080
610E0
82800
02020
80080
D0080
00001
80300
10201
40008
2A100
00000
4A000
00580
80000
08000
80290
50000
E0080
50800
04200
08400
00000
41000
00001
81080
0D000
10000
AC800
01020
00000
06020
200C0
10460
84900
04088
20008
04020
21502
04000
0C00C
00880
04200
00203
00004
2C900
40000
80001
00004
41800
50010
00200
30004
60040
00040
80840
40091
10080
10002
04209
00000
42000
50200
40000
02100
410A0
06102
00008
60100
19040
01000
24000
06800
00980
01880
40218
40800
00900
10840
60880
42000
02080
20010
3C808
08800
64400
04000
C0040
40000
02000
00808
20000
10148
10000
50200
40120
00629
00080
18018
A4100
02100
00004
02000
00000
08000
10800
05402
00008
1E880
08840
04028
20C10
20002
84800
00000
00020
00020
20200
00000
14002
04008
00000
11100
10102
00084
01A00
00000
00000
00840
00200
01501
00240
00086
40200
11000
04000
04000
50240
08400
80080
0080D
08001
00800
00080
0A040
00800
02000
01220
10400
00000
0C000
40018
08000
00400
00881
81001
01000
28202
20100
00040
00016
48000
20220
00000
04800
82022
80080
90010
02004
85808
81021
80010
40100
40080
00401
10260
00000
028A3
40010
C1000
00000
80400
08020
62000
20000
00000
20028
08000
80020
81602
00820
00000
00000
00100
08900
02802
54420
20100
04000
04000
00002
24880
00000
04201
82800
00C00
02000
00000
40900
00080
02100
80000
10200
68000
02440
00400
08001
85000
00000
08800
00004
98200
00200
30000
05000
00080
08014
00410
00A80
00480
0C000
1200C
00000
84000
09108
40120
48820
08040
29180
03C00
00000
08200
20400
04002
00000
00000
40402
00000
50000
30004
80000
50080
00400
00108
00008
02800
20010
20032
04000
20102
00700
18408
00000
20000
8000C
00100
80B80
48000
08B00
00402
21200
00100
14050
00280
28000
80000
04000
0C000
04400
400C0
40284
00000
00200
49000
02020
85000
0400A
40000
004E0
80040
00000
00000
54000
80000
22000
00400
04100
00604
30844
00400
0C120
00040
14000
90001
21080
06200
18000
04001
00000
00802
00000
00000
90000
20800
00840
82001
00000
42400
00080
80000
44288
40080
40020
00100
40500
00040
10010
00000
40600
C0100
06000
80240
59060
00000
81000
00000
04000
20000
10000
C0000
40000
00000
20002
08000
00000
00808
00200
30000
40140
00800
C0000
41800
00000
81080
42000
00100
82000
00000
00000
80580
00400
04000
24000
04210
02010
00208
31000
10000
02200
00000
30800
20500
00C02
20000
C0100
00880
00400
0F300
11000
A0080
04800
40080
32000
02000
20400
02014
44200
08000
20000
00800
00000
00000
44110
02000
0C400
00000
10212
83010
02000
24200
68000
21000
90080
30000
21100
01020
50000
08000
81001
00000
64440
02000
21110
40000
00000
A1200
04008
10040
00200
00C02
00080
04000
24000
80000
00080
01000
02000
10040
00000
20020
00848
18000
10900
04200
21200
04A80
0C202
04100
00000
51080
20000
8C000
00201
00000
00000
00000
08080
00100
00120
00002
01001
4A000
48100
00000
C0000
20004
80000
50E00
01000
10100
00080
00100
40004
00000
40080
88020
04000
00000
21000
80000
00820
02009
10000
00000
50004
20200
C8048
20000
02800
00020
00000
00200
A0900
30000
48200
02200
42010
00000
15000
01002
0C000
00500
02000
80000
00100
83000
00A80
84400
30000
10100
44000
44040
00010
00000
21000
20000
04000
00000
00000
0C000
45060
04480
0B280
0942A
40008
00204
00020
00000
00000
01040
080C0
04048
90000
01000
00000
06024
00080
00080
20042
00060
00000
00401
02009
0B802
00400
40000
20004
40004
21000
00000
40002
08000
12000
40001
82000
00100
01004
00000
00000
80000
42080
01000
20000
10800
13000
08008
01008
10000
00000
80000
80080
21008
08044
80180
20040
B1400
00400
00004
40008
00010
01008
20010
00000
00001
44000
09820
00480
30000
18200
00610
50120
12010
58800
10000
11400
24400
00000
00080
00000
